12
4 164 330 7842475/32768 330 10310997/32768 330 390 330
4 390 330 390 12266155/32768 390 13718869/32768 390 463
4 390 463 10310997/32768 463 7842475/32768 463 164 463
4 164 463 164 13718869/32768 164 12266155/32768 164 330
4 203 271 247 271 291 271 335 271
4 335 271 335 9524565/32768 335 10169003/32768 335 330
4 335 330 291 330 247 330 203 330
4 203 330 203 10169003/32768 203 9524565/32768 203 271
4 252 330 8792747/32768 330 9327957/32768 330 301 330
4 301 330 301 11490645/32768 301 12167851/32768 301 392
4 301 392 9327957/32768 392 8792747/32768 392 252 392
4 252 392 252 12167851/32768 252 11490645/32768 252 330